starting_point:
[5,10]
stops:
[[9,0], [2,9], [4,3]]

path 1:
[[5, 10], [5, 9], [4, 9], [3, 9], [2, 9]]

path 2:
[[2, 9], [3, 9], [4, 9], [5, 9], [5, 8], [5, 7], [5, 6], [5, 5], [5, 4], [5, 3], [4, 3]]

path 3:
[[4, 3], [5, 3], [5, 2], [6, 2], [7, 2], [7, 3], [8, 3], [9, 3], [9, 2], [9, 1], [9, 0]]

final path:
[[5, 10], [5, 9], [4, 9], [3, 9], [2, 9], [3, 9], [4, 9], [5, 9], [5, 8], [5, 7], [5, 6], [5, 5], [5, 4], [5, 3], [4, 3], [5, 3], [5, 2], [6, 2], [7, 2], [7, 3], [8, 3], [9, 3], [9, 2], [9, 1], [9, 0]]

final reward matrix:
[[-100. -100. -100. -100. -100. -100. -100. -100. -100. -100. -100.]
 [-100.   -1.   -1.   -1.   -1.   -1.   -1.   -1.   -1. -100. -100.]
 [-100.   -1. -100. -100. -100. -100. -100.   -1. -100.  100. -100.]
 [-100.   -1.   -1.   -1.   -1.   -1.   -1.   -1. -100.   50. -100.]
 [-100. -100. -100.  100. -100. -100. -100.   -1. -100.   50. -100.]
 [  -1.   -1.   50.   50.   50.   50.   50.   50.   50.   50.   10.]
 [-100. -100.   50. -100. -100.   -1. -100. -100.   -1. -100. -100.]
 [-100.   -1.   50.   50.   -1.   -1.   -1.   -1.   -1.   -1. -100.]
 [-100. -100. -100.   50. -100. -100. -100.   -1. -100. -100.   -1.]
 [ 100.   50.   50.   50.   -1.   -1.   -1.   -1.   -1.   -1.   -1.]
 [-100. -100. -100. -100. -100. -100. -100. -100. -100. -100. -100.]]